0 0.35375816993464054 0.6279373368146214 0.09640522875816994 0.15926892950391644
0 0.5571895424836601 0.4856396866840731 0.07516339869281045 0.11488250652741515
0 0.5228758169934641 0.2754569190600522 0.08496732026143791 0.13315926892950392
0 0.6388888888888888 0.3198433420365535 0.0457516339869281 0.07571801566579635
0 0.7900326797385621 0.4412532637075718 0.08660130718954248 0.1462140992167102
0 0.43137254901960786 0.9086161879895561 0.09477124183006536 0.1462140992167102
0 0.3088235294117647 0.9490861618798956 0.05555555555555555 0.08616187989556136
0 0.184640522875817 0.8407310704960835 0.05228758169934641 0.08877284595300261
0 0.21323529411764705 0.8368146214099217 0.03104575163398693 0.04960835509138381
0 0.03104575163398693 0.856396866840731 0.058823529411764705 0.09399477806788512
0 0.2426470588235294 0.4308093994778068 0.05392156862745098 0.0783289817232376
0 0.375 0.370757180156658 0.05065359477124183 0.0783289817232376
